2 0.204082 0.765731 0.200680 0.306973
2 0.363946 0.764456 0.168934 0.307823
2 0.534014 0.761054 0.166667 0.318027
2 0.688209 0.760204 0.196145 0.304422
2 0.666100 0.351190 0.163265 0.088435
2 0.520975 0.356718 0.149660 0.077381
2 0.369615 0.407313 0.159864 0.071429
2 0.371882 0.480442 0.123583 0.054422
2 0.365079 0.531037 0.143991 0.062075
2 0.515873 0.432823 0.139456 0.073129
2 0.658730 0.425170 0.148526 0.066327
2 0.640590 0.541667 0.141723 0.059524
2 0.511338 0.544643 0.139456 0.060374
2 0.655329 0.488095 0.137188 0.054422
2 0.517574 0.484694 0.131519 0.045918