2 0.113379 0.572279 0.150794 0.049320
2 0.083333 0.623299 0.151927 0.056122
2 0.076814 0.772959 0.153628 0.234694
2 0.229592 0.771684 0.233560 0.232143
2 0.259070 0.585459 0.151927 0.048469
2 0.252268 0.528486 0.170068 0.070578
2 0.253968 0.464711 0.173469 0.072279
2 0.248866 0.377551 0.183673 0.102041
2 0.248299 0.630952 0.162132 0.059524
2 0.415533 0.360119 0.160998 0.068878
2 0.408163 0.427721 0.162132 0.078231
2 0.408163 0.486395 0.153061 0.054422
2 0.401927 0.533588 0.158730 0.065476
2 0.400794 0.580357 0.165533 0.055272
2 0.409297 0.629677 0.164399 0.063776
2 0.401927 0.772959 0.167800 0.219388
2 0.564626 0.776361 0.148526 0.231293
2 0.579365 0.354167 0.164399 0.072279
2 0.568027 0.419218 0.148526 0.069728
2 0.558390 0.480017 0.149660 0.068878
2 0.545918 0.534864 0.147392 0.051020
2 0.554422 0.583759 0.141723 0.043367
2 0.562925 0.633078 0.176871 0.060374