2 0.141723 0.735119 0.239229 0.385204
2 0.347506 0.734269 0.199546 0.385204
2 0.550454 0.735544 0.197279 0.382653
2 0.742630 0.732143 0.248299 0.382653
2 0.537415 0.250425 0.180272 0.084184
2 0.713152 0.250850 0.200680 0.083333
2 0.359410 0.314201 0.180272 0.085884
2 0.530045 0.335884 0.172336 0.095238
2 0.692744 0.330782 0.184807 0.091837
2 0.372449 0.394558 0.165533 0.090136
2 0.528912 0.411990 0.156463 0.092687
2 0.692744 0.414966 0.159864 0.095238
2 0.354308 0.466837 0.197279 0.083333
2 0.526077 0.471088 0.164399 0.071429
2 0.676871 0.476190 0.164399 0.064626