2 0.122449 0.612670 0.241497 0.402211
2 0.334467 0.613946 0.239229 0.399660
2 0.554989 0.618622 0.258503 0.395408
2 0.772676 0.619898 0.278912 0.387755
2 0.357710 0.165816 0.195011 0.093537
2 0.367914 0.255952 0.172336 0.086735
2 0.354875 0.344813 0.189342 0.096088
2 0.552154 0.105017 0.187075 0.104592
2 0.544785 0.200255 0.181406 0.111395
2 0.535147 0.283163 0.171202 0.100340
2 0.527778 0.357568 0.172336 0.072279
2 0.702948 0.363520 0.168934 0.080782
2 0.750567 0.108844 0.212018 0.090136
2 0.728458 0.202381 0.185941 0.098639
2 0.714853 0.285714 0.167800 0.081633