1 0.248866 0.225340 0.385488 0.272109
1 0.545918 0.224490 0.229025 0.224490
1 0.912982 0.242772 0.174036 0.186224
1 0.929138 0.405187 0.138322 0.153912
1 0.918367 0.545918 0.159864 0.129252
1 0.897392 0.661565 0.136054 0.136054
1 0.731293 0.717262 0.205215 0.157313
1 0.742063 0.570153 0.204082 0.176020
1 0.758503 0.421769 0.225624 0.195578
1 0.542517 0.430272 0.238095 0.204082
1 0.536848 0.611395 0.229025 0.193878
1 0.535714 0.763180 0.222222 0.172619
1 0.268141 0.463861 0.303855 0.255952
1 0.276644 0.654337 0.280045 0.247449
1 0.295351 0.807823 0.238095 0.268707