1 0.267574 0.315901 0.311791 0.228741
1 0.520975 0.301020 0.238095 0.187075
1 0.848073 0.294643 0.216553 0.153912
1 0.276644 0.496599 0.295918 0.180272
1 0.286281 0.670493 0.285714 0.186224
1 0.285147 0.792092 0.240363 0.208333
1 0.505669 0.460459 0.236961 0.177721
1 0.501701 0.607993 0.235828 0.180272
1 0.489229 0.719813 0.199546 0.167517
1 0.697279 0.432823 0.187075 0.156463
1 0.685374 0.568027 0.188209 0.156463
1 0.672902 0.687075 0.172336 0.136054
1 0.801587 0.636905 0.150794 0.122449
1 0.833900 0.413265 0.160998 0.142857
1 0.818027 0.529337 0.156463 0.131803