0 0.44255500000000003 0.347364 0.170824 0.201531
0 0.572562 0.346088 0.134543 0.146259
0 0.684429 0.345663 0.128496 0.142007
0 0.778912 0.35119 0.111867 0.105442
0 0.868859 0.348214 0.089191 0.106293
0 0.942933 0.342262 0.071051 0.090986
0 0.901361 0.68665 0.078609 0.107993
0 0.170446 0.332908 0.031746 0.160714
0 0.19236600000000004 0.334609 0.027211 0.165816
0 0.22184400000000004 0.340136 0.04384 0.176871
0 0.26266100000000003 0.338435 0.04384 0.180272
0 0.29213900000000004 0.341837 0.039305 0.185374
