0 0.6383220000000001 0.328656 0.044218 0.133503
0 0.6037410000000001 0.329507 0.045351 0.136905
0 0.510771 0.335034 0.136054 0.142857
0 0.40192700000000003 0.32568 0.095238 0.134354
0 0.33163299999999996 0.319728 0.081633 0.115646
0 0.28458000000000006 0.295068 0.073696 0.139456
0 0.22448999999999997 0.294218 0.069161 0.127551
0 0.17460299999999995 0.279762 0.073696 0.139456
0 0.456916 0.241497 0.035147 0.037415
0 0.416667 0.241497 0.043084 0.039116
0 0.38888900000000004 0.241497 0.044218 0.037415
0 0.342971 0.241071 0.049887 0.041667
0 0.801587 0.738095 0.028345 0.120748
0 0.5822 0.838435 0.038549 0.130952
0 0.613946 0.826105 0.038549 0.128401
0 0.646825 0.81335 0.043084 0.130102
0 0.6746030000000001 0.798895 0.03288 0.123299
0 0.70068 0.788265 0.030612 0.120748
0 0.7273240000000001 0.775085 0.043084 0.118197
0 0.752834 0.76318 0.035147 0.114796
0 0.777211 0.753827 0.031746 0.104592
0 0.50737 0.834609 0.120181 0.17432
