0 0.361678 0.328656 0.044218 0.133503
0 0.396259 0.329507 0.045351 0.136905
0 0.489229 0.335034 0.136054 0.142857
0 0.598073 0.32568 0.095238 0.134354
0 0.668367 0.319728 0.081633 0.115646
0 0.71542 0.295068 0.073696 0.139456
0 0.77551 0.294218 0.069161 0.127551
0 0.825397 0.279762 0.073696 0.139456
0 0.543084 0.241497 0.035147 0.037415
0 0.583333 0.241497 0.043084 0.039116
0 0.611111 0.241497 0.044218 0.037415
0 0.657029 0.241071 0.049887 0.041667
0 0.198413 0.738095 0.028345 0.120748
0 0.4178 0.838435 0.038549 0.130952
0 0.386054 0.826105 0.038549 0.128401
0 0.353175 0.81335 0.043084 0.130102
0 0.325397 0.798895 0.03288 0.123299
0 0.29932 0.788265 0.030612 0.120748
0 0.272676 0.775085 0.043084 0.118197
0 0.247166 0.76318 0.035147 0.114796
0 0.222789 0.753827 0.031746 0.104592
0 0.49263 0.834609 0.120181 0.17432
