0 0.430272 0.242347 0.079365 0.181973
0 0.495465 0.237670 0.069161 0.177721
0 0.560658 0.239371 0.081633 0.179422
0 0.309524 0.211735 0.064626 0.158163
0 0.354875 0.207483 0.048753 0.158163
0 0.585034 0.859694 0.048753 0.137755
0 0.534580 0.858844 0.068027 0.132653
0 0.488662 0.857993 0.069161 0.130952
0 0.431406 0.859694 0.065760 0.134354
0 0.382653 0.861820 0.068027 0.135204
0 0.331633 0.859269 0.068027 0.133503
0 0.281179 0.859694 0.064626 0.130952
0 0.230726 0.860119 0.072562 0.133503
0 0.182540 0.860969 0.075964 0.131803
0 0.130952 0.863095 0.074830 0.136054