2 0.497166 0.550595 0.367347 0.434524
2 0.44784599999999997 0.286565 0.134921 0.108844
2 0.31576000000000004 0.338435 0.14059 0.222789
2 0.20521500000000004 0.335884 0.19161 0.229592
2 0.456916 0.042517 0.130385 0.081633
2 0.32142899999999996 0.046769 0.147392 0.093537
2 0.20294800000000002 0.040816 0.162132 0.071429
2 0.463719 0.156463 0.130385 0.064626
2 0.34126999999999996 0.155187 0.130385 0.063776
2 0.21258500000000002 0.156037 0.133787 0.062075
2 0.571429 0.278061 0.146259 0.113946
2 0.573129 0.198554 0.115646 0.043367
2 0.45861700000000005 0.201531 0.111111 0.045918
