2 0.795918 0.765731 0.20068 0.306973
2 0.636054 0.764456 0.168934 0.307823
2 0.465986 0.761054 0.166667 0.318027
2 0.31179100000000004 0.760204 0.196145 0.304422
2 0.3339 0.35119 0.163265 0.088435
2 0.47902500000000003 0.356718 0.14966 0.077381
2 0.630385 0.407313 0.159864 0.071429
2 0.628118 0.480442 0.123583 0.054422
2 0.6349210000000001 0.531037 0.143991 0.062075
2 0.484127 0.432823 0.139456 0.073129
2 0.34126999999999996 0.42517 0.148526 0.066327
2 0.35941 0.541667 0.141723 0.059524
2 0.48866200000000004 0.544643 0.139456 0.060374
2 0.34467099999999995 0.488095 0.137188 0.054422
2 0.482426 0.484694 0.131519 0.045918
