2 0.547052 0.57483 0.088435 0.147959
2 0.467687 0.573129 0.088435 0.14966
2 0.384921 0.579082 0.111111 0.153061
2 0.304422 0.582908 0.111111 0.147109
2 0.528912 0.347789 0.095238 0.05102
2 0.447846 0.35034 0.094104 0.047619
2 0.366213 0.38648 0.089569 0.048469
2 0.530612 0.394133 0.078231 0.036565
2 0.452381 0.395833 0.080499 0.043367
2 0.37415 0.429422 0.098639 0.039116
2 0.453515 0.429847 0.080499 0.046769
2 0.527211 0.428146 0.082766 0.041667
2 0.370181 0.459609 0.086168 0.038265
2 0.450113 0.458333 0.075964 0.042517
2 0.52551 0.456207 0.0839 0.029762
