2 0.447846 0.416241 0.329932 0.090986
2 0.426304 0.478316 0.345805 0.096088
2 0.426871 0.531888 0.344671 0.101190
2 0.521542 0.363520 0.304989 0.087585
2 0.638322 0.428571 0.060091 0.049320
2 0.619615 0.482143 0.065760 0.049320
2 0.616780 0.523384 0.082766 0.041667
2 0.674603 0.512330 0.062358 0.033163
2 0.682540 0.472364 0.080499 0.053571
2 0.688776 0.420918 0.070295 0.054422
2 0.698980 0.369473 0.088435 0.056973
2 0.313492 0.639456 0.238095 0.166667
2 0.475057 0.710884 0.051020 0.207483
2 0.655329 0.779762 0.178005 0.309524
2 0.757370 0.716412 0.109977 0.235544
2 0.570862 0.731293 0.154195 0.263605
2 0.488095 0.697279 0.154195 0.215986