2 0.552154 0.416241 0.329932 0.090986
2 0.573696 0.478316 0.345805 0.096088
2 0.573129 0.531888 0.344671 0.10119
2 0.47845800000000005 0.36352 0.304989 0.087585
2 0.36167800000000006 0.428571 0.060091 0.04932
2 0.380385 0.482143 0.06576 0.04932
2 0.38322 0.523384 0.082766 0.041667
2 0.32539700000000005 0.51233 0.062358 0.033163
2 0.31745999999999996 0.472364 0.080499 0.053571
2 0.31122399999999995 0.420918 0.070295 0.054422
2 0.30101999999999995 0.369473 0.088435 0.056973
2 0.686508 0.639456 0.238095 0.166667
2 0.5249429999999999 0.710884 0.05102 0.207483
2 0.34467099999999995 0.779762 0.178005 0.309524
2 0.24263 0.716412 0.109977 0.235544
2 0.429138 0.731293 0.154195 0.263605
2 0.511905 0.697279 0.154195 0.215986
