2 0.280045 0.589286 0.137188 0.222789
2 0.391723 0.582908 0.120181 0.213435
2 0.506803 0.585459 0.114512 0.211735
2 0.611111 0.583333 0.100907 0.209184
2 0.493764 0.291241 0.126984 0.063776
2 0.615646 0.292092 0.116780 0.056973
2 0.386054 0.331207 0.117914 0.063776
2 0.394558 0.378401 0.112245 0.052721
2 0.387188 0.429422 0.111111 0.056122
2 0.494898 0.345663 0.104308 0.058673
2 0.491497 0.387755 0.111111 0.049320
2 0.484694 0.429422 0.104308 0.057823
2 0.596372 0.346088 0.123583 0.057823
2 0.591837 0.394133 0.107710 0.055272
2 0.587868 0.431973 0.086168 0.045918