2 0.719955 0.589286 0.137188 0.222789
2 0.608277 0.582908 0.120181 0.213435
2 0.493197 0.585459 0.114512 0.211735
2 0.38888900000000004 0.583333 0.100907 0.209184
2 0.506236 0.291241 0.126984 0.063776
2 0.384354 0.292092 0.11678 0.056973
2 0.613946 0.331207 0.117914 0.063776
2 0.605442 0.378401 0.112245 0.052721
2 0.612812 0.429422 0.111111 0.056122
2 0.5051019999999999 0.345663 0.104308 0.058673
2 0.5085029999999999 0.387755 0.111111 0.04932
2 0.515306 0.429422 0.104308 0.057823
2 0.403628 0.346088 0.123583 0.057823
2 0.40816300000000005 0.394133 0.10771 0.055272
2 0.41213200000000005 0.431973 0.086168 0.045918
