2 0.52551 0.282738 0.319728 0.089286
2 0.444444 0.329932 0.343537 0.086735
2 0.428005 0.397959 0.344671 0.056122
2 0.42517 0.46301 0.345805 0.079082
2 0.708617 0.293367 0.085034 0.04932
2 0.636054 0.35034 0.062358 0.064626
2 0.621315 0.405187 0.064626 0.056973
2 0.616213 0.454932 0.077098 0.052721
2 0.65873 0.444303 0.069161 0.043367
2 0.679705 0.396259 0.056689 0.05102
2 0.691043 0.346514 0.06576 0.055272
2 0.462585 0.608418 0.19161 0.218537
2 0.55102 0.631803 0.20068 0.241497
2 0.634921 0.674745 0.236961 0.303571
2 0.738662 0.639456 0.14059 0.261905
