2 0.42176899999999995 0.322279 0.334467 0.093537
2 0.22278900000000001 0.33631 0.108844 0.051871
2 0.49773199999999995 0.370748 0.348073 0.096939
2 0.293651 0.395408 0.060091 0.057823
2 0.24263 0.393707 0.055556 0.057823
2 0.526644 0.443452 0.356009 0.092687
2 0.32823100000000005 0.446854 0.070295 0.070578
2 0.260204 0.445153 0.07483 0.053571
2 0.520408 0.517007 0.35034 0.076531
2 0.319728 0.504677 0.053288 0.051871
2 0.27381 0.490646 0.070295 0.040816
2 0.300454 0.763605 0.212018 0.312925
2 0.199546 0.707908 0.178005 0.261054
2 0.437075 0.679422 0.272109 0.231293
