2 0.731859 0.306973 0.160998 0.12415
2 0.582766 0.252126 0.139456 0.092687
2 0.43537400000000004 0.255952 0.146259 0.105442
2 0.59127 0.340561 0.151927 0.072279
2 0.44160999999999995 0.33801 0.156463 0.068878
2 0.722789 0.390731 0.133787 0.055272
2 0.722789 0.447279 0.138322 0.066327
2 0.586168 0.400085 0.137188 0.058673
2 0.593537 0.44898 0.133787 0.052721
2 0.45238100000000003 0.398384 0.148526 0.05017
2 0.463152 0.445578 0.14059 0.054422
2 0.8543080000000001 0.486395 0.129252 0.037415
2 0.879252 0.520833 0.14966 0.039966
2 0.882653 0.666667 0.188209 0.253401
2 0.72619 0.488095 0.145125 0.039116
2 0.73356 0.525085 0.159864 0.045068
2 0.731293 0.670918 0.146259 0.260204
2 0.590136 0.48852 0.147392 0.039966
2 0.589569 0.524235 0.150794 0.036565
2 0.586168 0.657738 0.162132 0.228741
2 0.45521500000000004 0.486395 0.151927 0.030612
2 0.443311 0.52381 0.148526 0.037415
2 0.437642 0.660714 0.141723 0.236395
