2 0.268141 0.306973 0.160998 0.12415
2 0.417234 0.252126 0.139456 0.092687
2 0.564626 0.255952 0.146259 0.105442
2 0.40873 0.340561 0.151927 0.072279
2 0.55839 0.33801 0.156463 0.068878
2 0.277211 0.390731 0.133787 0.055272
2 0.277211 0.447279 0.138322 0.066327
2 0.413832 0.400085 0.137188 0.058673
2 0.406463 0.44898 0.133787 0.052721
2 0.547619 0.398384 0.148526 0.05017
2 0.536848 0.445578 0.14059 0.054422
2 0.145692 0.486395 0.129252 0.037415
2 0.120748 0.520833 0.14966 0.039966
2 0.117347 0.666667 0.188209 0.253401
2 0.27381 0.488095 0.145125 0.039116
2 0.26644 0.525085 0.159864 0.045068
2 0.268707 0.670918 0.146259 0.260204
2 0.409864 0.48852 0.147392 0.039966
2 0.410431 0.524235 0.150794 0.036565
2 0.413832 0.657738 0.162132 0.228741
2 0.544785 0.486395 0.151927 0.030612
2 0.556689 0.52381 0.148526 0.037415
2 0.562358 0.660714 0.141723 0.236395
