2 0.304989 0.639881 0.073696 0.119898
2 0.365079 0.639456 0.073696 0.124150
2 0.420635 0.638180 0.087302 0.118197
2 0.477891 0.640306 0.068027 0.124150
2 0.482993 0.483418 0.057823 0.031463
2 0.422336 0.485544 0.063492 0.025510
2 0.364512 0.507653 0.054422 0.030612
2 0.421769 0.511480 0.055556 0.033163
2 0.479592 0.515306 0.064626 0.028912
2 0.366213 0.532313 0.051020 0.027211
2 0.423469 0.534864 0.052154 0.027211
2 0.475624 0.537415 0.061224 0.027211
2 0.362245 0.558248 0.068027 0.021259
2 0.422902 0.559524 0.057823 0.022109
2 0.473923 0.557823 0.064626 0.022109