2 0.695011 0.639881 0.073696 0.119898
2 0.6349210000000001 0.639456 0.073696 0.12415
2 0.579365 0.63818 0.087302 0.118197
2 0.5221089999999999 0.640306 0.068027 0.12415
2 0.517007 0.483418 0.057823 0.031463
2 0.577664 0.485544 0.063492 0.02551
2 0.635488 0.507653 0.054422 0.030612
2 0.5782309999999999 0.51148 0.055556 0.033163
2 0.520408 0.515306 0.064626 0.028912
2 0.633787 0.532313 0.05102 0.027211
2 0.576531 0.534864 0.052154 0.027211
2 0.524376 0.537415 0.061224 0.027211
2 0.6377550000000001 0.558248 0.068027 0.021259
2 0.577098 0.559524 0.057823 0.022109
2 0.526077 0.557823 0.064626 0.022109
