1 0.824830 0.354167 0.083900 0.063776
1 0.892290 0.359694 0.080499 0.062925
1 0.961451 0.362245 0.075964 0.061224
1 0.961168 0.420493 0.077664 0.051871
1 0.886054 0.416241 0.079365 0.058673
1 0.832200 0.416241 0.053288 0.065476
1 0.580499 0.701531 0.057823 0.049320
1 0.633220 0.698554 0.045351 0.045068
1 0.579365 0.741071 0.051020 0.028061
1 0.629252 0.738095 0.060091 0.035714
1 0.573696 0.768282 0.051020 0.034864
1 0.629819 0.769558 0.047619 0.037415
1 0.571429 0.802296 0.055556 0.029762
1 0.620748 0.800595 0.047619 0.033163