1 0.17517000000000005 0.354167 0.0839 0.063776
1 0.10770999999999997 0.359694 0.080499 0.062925
1 0.038549000000000055 0.362245 0.075964 0.061224
1 0.03883199999999998 0.420493 0.077664 0.051871
1 0.11394599999999999 0.416241 0.079365 0.058673
1 0.16779999999999995 0.416241 0.053288 0.065476
1 0.419501 0.701531 0.057823 0.04932
1 0.36678 0.698554 0.045351 0.045068
1 0.420635 0.741071 0.05102 0.028061
1 0.37074799999999997 0.738095 0.060091 0.035714
1 0.426304 0.768282 0.05102 0.034864
1 0.370181 0.769558 0.047619 0.037415
1 0.42857100000000004 0.802296 0.055556 0.029762
1 0.37925200000000003 0.800595 0.047619 0.033163
